211126_1409,1,globals,Period,NumPeriods,RepeatTreatment,,,,,,,,,,,,,,,,,,,,,,,,,,,,,,,,,,,,,,,,,,,,,
211126_1409,1,globals,1,1,0,,,,,,,,,,,,,,,,,,,,,,,,,,,,,,,,,,,,,,,,,,,,,
211126_1409,1,subjects,Period,Subject,Group,Profit,TotalProfit,Participate,TimeIAcknowledgeThatIHaveReadTheRulesAndPrivacyPolicyAndConsentToParticipateViewConsentFormOK,LeaveStage,,,,,,,,,,,,,,,,,,,,,,,,,,,,,,,,,,,,,,,,
211126_1409,1,subjects,1,1,1,0,0,1,99999,0,,,,,,,,,,,,,,,,,,,,,,,,,,,,,,,,,,,,,,,,
211126_1409,1,subjects,1,2,1,0,0,1,99999,0,,,,,,,,,,,,,,,,,,,,,,,,,,,,,,,,,,,,,,,,
211126_1409,1,subjects,1,3,1,0,0,1,99999,0,,,,,,,,,,,,,,,,,,,,,,,,,,,,,,,,,,,,,,,,
211126_1409,1,subjects,1,4,1,0,0,1,99999,0,,,,,,,,,,,,,,,,,,,,,,,,,,,,,,,,,,,,,,,,
211126_1409,1,summary,Period,,,,,,,,,,,,,,,,,,,,,,,,,,,,,,,,,,,,,,,,,,,,,,,
211126_1409,1,summary,1,,,,,,,,,,,,,,,,,,,,,,,,,,,,,,,,,,,,,,,,,,,,,,,
211126_1409,1,contracts,Period,,,,,,,,,,,,,,,,,,,,,,,,,,,,,,,,,,,,,,,,,,,,,,,
211126_1409,1,session,Subject,FinalProfit,ShowUpFee,ShowUpFeeInvested,MoneyAdded,MoneyToPay,MoneyEarned,,,,,,,,,,,,,,,,,,,,,,,,,,,,,,,,,,,,,,,,,
211126_1409,1,session,1,0,0,0,0,0,0,,,,,,,,,,,,,,,,,,,,,,,,,,,,,,,,,,,,,,,,,
211126_1409,1,session,2,0,0,0,0,0,0,,,,,,,,,,,,,,,,,,,,,,,,,,,,,,,,,,,,,,,,,
211126_1409,1,session,3,0,0,0,0,0,0,,,,,,,,,,,,,,,,,,,,,,,,,,,,,,,,,,,,,,,,,
211126_1409,1,session,4,0,0,0,0,0,0,,,,,,,,,,,,,,,,,,,,,,,,,,,,,,,,,,,,,,,,,
211126_1409,1,logfile,Period,,,,,,,,,,,,,,,,,,,,,,,,,,,,,,,,,,,,,,,,,,,,,,,
211126_1409,2,globals,Period,NumPeriods,RepeatTreatment,AuctionStop,AuctionNoStop,,,,,,,,,,,,,,,,,,,,,,,,,,,,,,,,,,,,,,,,,,,
211126_1409,2,globals,1,1,0,0,0,,,,,,,,,,,,,,,,,,,,,,,,,,,,,,,,,,,,,,,,,,,
211126_1409,2,subjects,Period,Subject,Group,Profit,TotalProfit,Participate,Treat,c,Prize1,Prize2,Support,Effort_t1,Effort_t2,Random_t1,Random_t2,Output_t1,Output_t2,Round_Random_t1,Round_Random_t2,Round_Output_t1,Round_Output_t2,Cost_t1,Cost_t2,Average_Effort_t1,Average_Effort_t2,Av_Eff_t1,Av_Eff_t2,Effort_Order_t1,Effort_Order_t2,Expectation1_t1,Expectation2_t1,Expectation3_t1,Expectation1_t2,Expectation2_t2,Average_Expectation_t1,Average_Expectation_t2,Deviation_t1,Order_t1,Order_t2,Rank,Finalist,Winner,TimePleaseConfirmYourChoiceAgentsSetEffortT1OK,TimePleaseConfirmYourChoiceExpectationElicitationOK,a,TimeOKInformationWinnerOK,TimeOKInformationT2LosersOK,LeaveStage
211126_1409,2,subjects,1,1,1,3.09,3.09,1,1,2250,5.73,13.62,60,77,0,33.49591627,0,110.4959163,0,33,0,110,0,2.64,0,101.3333333,0,95.25,0,3,0,100,55,67,0,0,74,0,-27.33333333,3,3,3,0,0,49,-1,0.776825754,0,3,0
211126_1409,2,subjects,1,2,1,7.43,7.43,0,1,2250,5.73,13.62,60,118,0,48.47302335,0,166.4730233,0,48,0,166,0,6.19,0,87.66666667,0,95.25,0,2,0,110,115,122,0,0,115.6666667,0,28,1,3,1,1,0,-166,-21,0.900603499,3,0,0
211126_1409,2,subjects,1,3,1,7.22,7.22,0,1,2250,5.73,13.62,60,120,0,43.30106251,0,163.3010625,0,43,0,163,0,6.4,0,87,0,95.25,0,1,0,70,90,105,0,0,88.33333333,0,1.333333333,2,3,1,1,0,24,-41,0.857860021,3,0,0
211126_1409,2,subjects,1,4,1,3.79,3.79,1,1,2250,5.73,13.62,60,66,0,-54.04235882,0,11.95764118,0,-54,0,12,0,1.94,0,105,0,95.25,0,4,0,77,60,100,0,0,79,0,-26,4,3,4,0,0,8,-38,0.053368935,0,4,0
211126_1409,2,summary,Period,,,,,,,,,,,,,,,,,,,,,,,,,,,,,,,,,,,,,,,,,,,,,,,
211126_1409,2,summary,1,,,,,,,,,,,,,,,,,,,,,,,,,,,,,,,,,,,,,,,,,,,,,,,
211126_1409,2,contracts,Period,,,,,,,,,,,,,,,,,,,,,,,,,,,,,,,,,,,,,,,,,,,,,,,
211126_1409,2,session,Subject,FinalProfit,ShowUpFee,ShowUpFeeInvested,MoneyAdded,MoneyToPay,MoneyEarned,,,,,,,,,,,,,,,,,,,,,,,,,,,,,,,,,,,,,,,,,
211126_1409,2,session,1,3.09,0,0,0,3.09,3.09,,,,,,,,,,,,,,,,,,,,,,,,,,,,,,,,,,,,,,,,,
211126_1409,2,session,2,7.43,0,0,0,7.43,7.43,,,,,,,,,,,,,,,,,,,,,,,,,,,,,,,,,,,,,,,,,
211126_1409,2,session,3,7.22,0,0,0,7.22,7.22,,,,,,,,,,,,,,,,,,,,,,,,,,,,,,,,,,,,,,,,,
211126_1409,2,session,4,3.79,0,0,0,3.79,3.79,,,,,,,,,,,,,,,,,,,,,,,,,,,,,,,,,,,,,,,,,