Coefficients: [3.67696312e-01 1.83795104e-06 3.27072947e-01]
Intercept: 1.933624640099291
